0.000000000000000000e+00 -2.466194404452847280e-02 -4.382345102895327665e-02 4.083768835468537528e-02 -2.929786967061500519e-02 -1.663082569162903195e-03 -1.257768604853898818e-02 -7.484416337552316422e-04 -3.125862751923752080e-03 1.246263759250620549e-03
1.000000000000000056e-01 5.154700467411594406e-02 -2.674818476407770512e-02 -1.750590977544110374e-02 -2.746764739857443516e-02 -3.024155988452726512e-02 -1.408062417034133817e-02 -4.719593442411507828e-03 -8.332272694073166938e-03 -9.525911781726875693e-03
2.000000000000000111e-01 -5.233866292246923402e-02 7.456017741816078903e-02 -2.849505577904672127e-02 -1.205555557906159980e-02 -1.372115906064413741e-02 -8.401853965439201599e-03 -1.729430807046132210e-02 -1.322079587614658804e-02 -1.496344973707558132e-02
3.000000000000000444e-01 -1.198486943862731580e-01 -9.106253949895029565e-02 2.598707995429055950e-02 8.221684844711016349e-03 -3.919170883883012907e-02 -2.398853815303664955e-02 -1.765165271186249982e-02 -1.906391740663286941e-02 -1.971987518781717283e-02
4.000000000000000222e-01 1.818140151418018088e-02 -7.784166427084580897e-02 -3.520907755800977562e-02 -6.265444809942671833e-02 -1.907457519813179903e-02 -2.204883674374880087e-02 -2.345575204370725642e-02 -2.420720786034678482e-02 -2.146051265658469043e-02
5.000000000000000000e-01 -1.696410390507322452e-01 -1.242326118597801565e-02 -2.667592564030965563e-02 1.705609628435617031e-02 2.543444602035083851e-03 -1.373876517962658098e-02 -1.630989431961913511e-02 -2.057034173767252269e-02 -2.055893108755924015e-02
6.000000000000000888e-01 -1.424903823996743479e-01 -1.379984231422921696e-02 -3.057245165006415230e-02 1.102117319323227262e-03 -2.047755774554792935e-02 -1.461707169948595758e-02 -1.616569533237410816e-02 -1.226787520327577222e-02 -1.858059824746005270e-02
7.000000000000000666e-01 -6.366359748751597436e-02 9.383800872482174482e-03 -2.017648980154420138e-02 -1.593735837524314081e-02 -1.127051068878558507e-02 -9.515403481224930099e-03 -8.590999007497834156e-03 -1.160159635253614485e-02 -1.375335995962350712e-02
8.000000000000000444e-01 1.877875143547438064e-01 6.734142171770038376e-02 8.445298308371566517e-03 1.930592089963851544e-03 -2.022725042054801872e-03 -1.080467398242716901e-03 -6.205501913263980485e-03 -4.999737379492857903e-03 -5.084136859285178986e-03
9.000000000000000222e-01 6.582665810432572484e-02 -2.103328671663531532e-02 -3.847774337245071091e-02 -1.171959344906342571e-02 6.164121369037332647e-03 -8.649259623139228872e-04 6.588520909513041757e-03 3.030694199987632800e-03 4.648841014676952273e-03
1.000000000000000000e+00 1.885700507814425109e-02 8.417696058587403884e-02 -4.130570066917452210e-02 2.600530449983592257e-03 9.241273632097649765e-03 1.937626561507010264e-02 1.511526251274885116e-02 1.386871648759136974e-02 1.770276180281922865e-02
1.100000000000000089e+00 3.982543641607552698e-02 3.778662448096498094e-02 5.373693963952402147e-02 3.912214173672570044e-02 2.680563920224064006e-02 3.031404512070538793e-02 3.042473206474256495e-02 2.468438496798323542e-02 2.839828439212873160e-02
1.200000000000000178e+00 1.430705309012908211e-01 6.758501786368947828e-02 4.984429047413106023e-02 2.561869240834997383e-02 4.526629975546140466e-02 4.300637773420199622e-02 4.043852639703963969e-02 3.962475086246204647e-02 3.953465461091627831e-02
1.300000000000000044e+00 1.474029693600589774e-01 4.739294446697839280e-02 1.156952161842038779e-01 5.475564000445234253e-02 5.357903631125123661e-02 3.866853528675347207e-02 5.165531556966990873e-02 5.385566180008014014e-02 5.460332684400200781e-02
1.400000000000000133e+00 6.352687073049372024e-02 5.278996311673114089e-02 2.111144435462592589e-02 7.094886551322331092e-02 8.033683306751811248e-02 6.786570539224069665e-02 6.806265045016111903e-02 7.197301871119811401e-02 7.001264327923441277e-02
1.500000000000000000e+00 1.680978936387132472e-01 9.676851380488005194e-02 9.175471476969898621e-02 9.649730759954422421e-02 6.538383392588220655e-02 7.520362560744599245e-02 8.746162188260761527e-02 8.763552431388768604e-02 8.723749923629686709e-02
1.600000000000000089e+00 7.636633100247006145e-02 1.712534186291110039e-01 1.096623553399029005e-01 9.401797778512177572e-02 1.105828803602397770e-01 1.059162962921904594e-01 1.079903676638502841e-01 1.047075868471790266e-01 1.030169806658993020e-01
1.700000000000000178e+00 8.618517442087687830e-02 1.194514340345697312e-01 1.033454319291432361e-01 1.190201622024035927e-01 1.197212345492651431e-01 1.138327284452401861e-01 1.172819676780545994e-01 1.179630804723720700e-01 1.187129767446093442e-01
1.800000000000000044e+00 2.147420902306079737e-02 7.885770578582107504e-02 1.621955507580478961e-01 1.259394931502130222e-01 1.437028236903009626e-01 1.389786884540410994e-01 1.341895913083306358e-01 1.308373816519380617e-01 1.325622535080336339e-01
1.900000000000000133e+00 1.467546816400365217e-01 1.429001637869530272e-01 1.229361304771873081e-01 1.363994866702416819e-01 1.274932163500237803e-01 1.558522207925286396e-01 1.447049396465721061e-01 1.431587210746090855e-01 1.485133341756157410e-01
2.000000000000000000e+00 7.145200383957631129e-02 2.084169079202995434e-01 1.282569983112216427e-01 1.718401356369600452e-01 1.677782446117440929e-01 1.663041530604187357e-01 1.605289337388942916e-01 1.612054287217398185e-01 1.613140792907369614e-01
2.100000000000000089e+00 1.653301725890998497e-01 1.316939059743480189e-01 1.346067736466380338e-01 1.413359980881990219e-01 1.732621408479736724e-01 1.705251967821271863e-01 1.704734422046460807e-01 1.737239035790443531e-01 1.719709459171571975e-01
2.200000000000000178e+00 2.621426953129764037e-01 1.495733217363977019e-01 2.096207187582230791e-01 1.558143177250988221e-01 1.709112541924647788e-01 1.925718788093289113e-01 1.855922540672660936e-01 1.857104902481407360e-01 1.843308273566948152e-01
2.300000000000000266e+00 4.070727244045493354e-01 1.819713173526937566e-01 1.857873784156452990e-01 1.998393462413674271e-01 1.912042429680292921e-01 2.044006062614102948e-01 1.912594046972106165e-01 1.966168307957639749e-01 1.940697272112367200e-01
2.400000000000000355e+00 3.653738391735248392e-01 2.824728426329718989e-01 1.963528776830531786e-01 1.811115446828819586e-01 1.813746172416297597e-01 2.017143292015023959e-01 2.002805689918877585e-01 2.006190402372559911e-01 2.000450639301610267e-01
2.500000000000000000e+00 1.014989458976827963e-01 1.641188098355522151e-01 2.516714888405146566e-01 2.033977719286525487e-01 2.103447583137178778e-01 2.046782785933336513e-01 2.043366539766274803e-01 2.043595301807707432e-01 2.050201283326435198e-01
2.600000000000000089e+00 4.285067853780261116e-02 3.082139102939119857e-01 1.623634209775677573e-01 2.450370883900735708e-01 1.995283428552596938e-01 2.104399556450214093e-01 2.043815063440392321e-01 2.111791995855552551e-01 2.098138750672630115e-01
2.700000000000000178e+00 2.732729608947748190e-02 2.389958526055882826e-01 2.368273663871157952e-01 2.278391860099862054e-01 1.985776893742632332e-01 2.157229736835874490e-01 2.132013331978705462e-01 2.122454318356477299e-01 2.110563207504185246e-01
2.800000000000000266e+00 1.216591252623822200e-01 3.341783542161389509e-01 2.723046983578328861e-01 1.792747000269339086e-01 2.111971950292222400e-01 2.086328875829060181e-01 2.052274295643000956e-01 2.095665158356404545e-01 2.076521849465622349e-01
2.900000000000000355e+00 1.874717003588438347e-01 2.278558186253827056e-01 1.504607169306509673e-01 2.126423517509153371e-01 2.026331275782633223e-01 1.967045526153028412e-01 2.028636918736060890e-01 2.012109074994790636e-01 2.036507886523030442e-01
3.000000000000000000e+00 1.157981077458502955e-01 1.525204755690174052e-01 1.613177651917602207e-01 1.774824795078346895e-01 1.933019876548656979e-01 1.957028769522594636e-01 1.916984907614480704e-01 1.965769931937727810e-01 1.964543400899516901e-01
3.100000000000000089e+00 1.791207569774911357e-01 9.296130497671342696e-02 1.558108412062928494e-01 1.852452296572202894e-01 1.872293618664733761e-01 1.796654881242238655e-01 1.847916559555582705e-01 1.845956865493666998e-01 1.840118557566491619e-01
3.200000000000000178e+00 5.714661433904140442e-02 9.401104870553313175e-02 2.036690306566765751e-01 1.672540323514769556e-01 1.693397216957249485e-01 1.665836679868383796e-01 1.779190093089104974e-01 1.703488458800490601e-01 1.721597588994166483e-01
3.300000000000000266e+00 -5.602737075674377176e-02 1.967632401387469365e-01 1.673058938308524812e-01 1.684813336872872380e-01 1.435664066916739479e-01 1.612073555362705801e-01 1.545282469531993330e-01 1.552324715173832026e-01 1.530999272118517551e-01
3.400000000000000355e+00 2.216121209748174725e-01 1.909645973836755772e-02 1.710410054955648906e-01 1.393828395405296572e-01 1.305097993634457554e-01 1.307350227336422643e-01 1.396956605719706368e-01 1.378491938585260923e-01 1.364168728173905942e-01
3.500000000000000000e+00 1.152574454184466940e-01 1.061575397247714603e-01 1.268004072181563302e-01 1.401345536197533825e-01 1.251613107568454730e-01 1.098664742233582264e-01 1.167895028685033698e-01 1.128024686183491526e-01 1.135121768561854205e-01
3.600000000000000089e+00 3.428048309530547927e-02 1.766717698354678401e-01 9.490807312653101735e-02 9.484427060916095220e-02 8.399145072042114857e-02 7.985196763211711846e-02 9.159758608232437815e-02 8.887088773560128385e-02 8.947689114715708103e-02
3.700000000000000178e+00 6.684995358435615043e-02 8.977388627528509746e-02 9.847443136397363017e-02 5.246856882479038892e-02 5.158747745695935888e-02 5.675668839965823664e-02 6.401813378526705067e-02 6.395879109897509296e-02 6.130894473654778520e-02
3.800000000000000266e+00 1.807615631016623037e-01 -2.575352286671543645e-02 5.038989519301925041e-03 4.542079789051430005e-02 2.417796099112824032e-02 3.534011070795482767e-02 3.539908165227522580e-02 3.069494100428378155e-02 3.018731734545553047e-02
3.900000000000000355e+00 1.423419297617791943e-03 -7.412390875403765400e-02 -4.840812990196317195e-03 8.897942599148537038e-04 9.426983948840906777e-03 -1.137049348718691642e-02 -9.034155526906121475e-03 -4.592534184185504201e-03 -2.337931992858851681e-03
4.000000000000000000e+00 -1.202014756135766360e-01 -1.439117537669960534e-01 2.857662376695026263e-02 -1.414552098538900474e-02 -4.746095281145015776e-02 -2.938638192212317951e-02 -4.305481836955600550e-02 -3.667316431032126289e-02 -3.658160553933863246e-02
4.100000000000000533e+00 -2.136877786995753647e-01 -9.208096691110823073e-02 -9.255515141398820700e-02 -6.472843399719684088e-02 -7.145001029678017812e-02 -7.466096371550097477e-02 -7.370432825625271300e-02 -7.511897715923852858e-02 -7.460531127327024725e-02
4.200000000000000178e+00 -3.379146129073571370e-01 -1.210551134758309499e-01 -6.671986912260893798e-02 -1.191178317744539666e-01 -1.155533087595443792e-01 -1.095935399448182690e-01 -1.116811559352346717e-01 -1.170844489306534508e-01 -1.137724349633366383e-01
4.299999999999999822e+00 -2.033634412668008928e-01 -2.132841207192564537e-01 -1.267319262056924856e-01 -1.594174323027751916e-01 -1.626832336424712810e-01 -1.640577181014571950e-01 -1.588558287957475834e-01 -1.571423884870057630e-01 -1.547481034427736213e-01
4.400000000000000355e+00 -2.728082666280168267e-01 -1.830103044133784551e-01 -2.004367084838752089e-01 -2.220798042899991831e-01 -2.061152074191425765e-01 -1.971168847254596845e-01 -2.035483415597822421e-01 -1.984875099984786950e-01 -1.986247748289412807e-01
4.500000000000000000e+00 -4.052562258776313264e-01 -3.509335184278962738e-01 -2.191924691396590075e-01 -2.446959564431448741e-01 -2.413740580840833538e-01 -2.448003633511018351e-01 -2.393889738800790146e-01 -2.455208751390615396e-01 -2.443483808587118000e-01
4.600000000000000533e+00 -1.763896613561935500e-01 -1.915503287267082411e-01 -3.007859652743974932e-01 -2.915276090872142567e-01 -2.904281419527234287e-01 -2.942982315913493241e-01 -2.872793135430733447e-01 -2.926686963655199536e-01 -2.884709847389514970e-01
4.700000000000000178e+00 -3.608294413396546108e-01 -4.177452168220489037e-01 -3.501900535399617986e-01 -3.070951986359630181e-01 -3.360623999655841243e-01 -3.307102829801801258e-01 -3.305591324659287733e-01 -3.389973825670994367e-01 -3.343469186045014974e-01
4.800000000000000711e+00 -2.549807802465161588e-01 -4.246361508869812007e-01 -3.519701614512868448e-01 -3.558851742878733071e-01 -3.753944207312990833e-01 -3.782694416578020746e-01 -3.798053684693586396e-01 -3.821876453128234541e-01 -3.835254160428974712e-01
4.900000000000000355e+00 -5.682919228393393807e-01 -3.970151466419047925e-01 -4.585202667507554120e-01 -4.407227701564310762e-01 -4.291039686526545438e-01 -4.312926637113330131e-01 -4.256137920383259998e-01 -4.316788175107956205e-01 -4.273300110029197296e-01
5.000000000000000000e+00 -4.616285617810480524e-01 -4.012980572556945624e-01 -4.827719688907843310e-01 -4.655259203669727119e-01 -4.747026590585314287e-01 -4.702543824174145182e-01 -4.779703315687147680e-01 -4.794915562576672619e-01 -4.767347138146758589e-01
5.100000000000000533e+00 -4.744696335655222974e-01 -5.411271089326423755e-01 -5.255085016044720447e-01 -4.978681221525692591e-01 -5.315327150806280487e-01 -5.123916247417602543e-01 -5.275663529898736437e-01 -5.254693468138236234e-01 -5.242954879925241229e-01
5.200000000000000178e+00 -6.435410644248665823e-01 -5.004224333312690121e-01 -5.458193778920309436e-01 -5.664130596610361668e-01 -5.579204432338452646e-01 -5.716985683690842812e-01 -5.674180646609632284e-01 -5.712888327289056267e-01 -5.679918946298786464e-01
5.300000000000000711e+00 -6.126619108097081101e-01 -6.086198209269649828e-01 -6.360472317574140666e-01 -6.130016980855245157e-01 -6.140990973156518207e-01 -6.111165869561395736e-01 -6.123037549686399794e-01 -6.156184142600821252e-01 -6.147935565457033347e-01
5.400000000000000355e+00 -5.246913664830199497e-01 -6.590742331277661403e-01 -6.517425256688912372e-01 -6.618486607385163367e-01 -6.554330221720187089e-01 -6.558690730760504684e-01 -6.552523122204844119e-01 -6.556055478549399629e-01 -6.566151056136516617e-01
5.500000000000000000e+00 -6.529375793692429042e-01 -7.826756447605871525e-01 -7.464374635200399233e-01 -6.905466522664850393e-01 -6.915573197387654414e-01 -6.983195709396062822e-01 -6.991498126633478583e-01 -6.978611704538605354e-01 -7.010223395674818336e-01
5.600000000000000533e+00 -8.733281718158559803e-01 -6.641327031357232569e-01 -7.422909104521208112e-01 -7.335871597698665481e-01 -7.555767338083715368e-01 -7.473413342802124326e-01 -7.406776875641920554e-01 -7.440053791299425789e-01 -7.417024607381818013e-01
5.700000000000000178e+00 -6.830936184793514609e-01 -7.714060265435500607e-01 -8.009535429301256615e-01 -7.717738174213238933e-01 -7.850592467458815671e-01 -7.817528843859803400e-01 -7.810584088870744512e-01 -7.805607478402735167e-01 -7.818036194389088589e-01
5.800000000000000711e+00 -8.669447122910178827e-01 -8.556460969008528039e-01 -8.717785045640833452e-01 -8.111683912712353006e-01 -8.182175169658001401e-01 -8.199273807668744363e-01 -8.173328312763009640e-01 -8.192426055714174815e-01 -8.178111456429633108e-01
5.900000000000000355e+00 -1.037815721450883188e+00 -7.911404644392971974e-01 -8.684817790644122626e-01 -8.416007187815484070e-01 -8.548544425925852508e-01 -8.533958244555396311e-01 -8.517913578726064028e-01 -8.533807107754819432e-01 -8.530723414100630508e-01
6.000000000000000000e+00 -9.134820936761125498e-01 -8.775426729330743081e-01 -9.132039890581642450e-01 -8.848151021025902896e-01 -8.787993638233237981e-01 -8.827286386225507986e-01 -8.805923580244968685e-01 -8.829805062946981531e-01 -8.853084979915830655e-01
6.100000000000000533e+00 -6.592247132631466888e-01 -9.430956598256314827e-01 -8.820204066756811567e-01 -8.791266499297659687e-01 -9.133327821064589624e-01 -9.114242978303302989e-01 -9.132767521970119873e-01 -9.143103774402435713e-01 -9.143280681981714730e-01
6.200000000000000178e+00 -9.834749957972638290e-01 -9.483833499906975106e-01 -1.003620193756290524e+00 -9.313658872259920063e-01 -9.442433322291039488e-01 -9.354297036805871990e-01 -9.425786816479698738e-01 -9.426039900912913660e-01 -9.425779197730994596e-01
6.300000000000000711e+00 -9.198929214796243148e-01 -8.986859422158969268e-01 -9.419267644273423556e-01 -9.978924839096190436e-01 -9.716813876905205927e-01 -9.630145323850635153e-01 -9.627390600953413813e-01 -9.676335451115163355e-01 -9.661672921382831181e-01
6.400000000000000355e+00 -9.731812197170814915e-01 -9.881733010545887819e-01 -9.986456046827735245e-01 -9.935855492071394846e-01 -1.008637551452423953e+00 -9.876801654704314704e-01 -9.865231757188445139e-01 -9.864076372994903252e-01 -9.885096077656072566e-01
6.500000000000000000e+00 -8.770516912021014688e-01 -1.035750276319163943e+00 -1.046997810442481303e+00 -1.020504302895886894e+00 -1.006852818864743648e+00 -1.004731137879137703e+00 -1.002526080673565634e+00 -1.003156209963819601e+00 -1.004925670012853489e+00
6.600000000000000533e+00 -1.140021868306224873e+00 -1.043147022837032978e+00 -9.680132862841505093e-01 -1.038847900752716047e+00 -1.038560026722831209e+00 -1.025435614858566158e+00 -1.020449083183989414e+00 -1.018927255043702074e+00 -1.021371808330748365e+00
6.700000000000000178e+00 -1.025509309233785471e+00 -1.043807122590378000e+00 -1.036543733634732067e+00 -1.046590397305130926e+00 -1.031861155066136959e+00 -1.036396779089662434e+00 -1.035803375475060406e+00 -1.028557139693337952e+00 -1.034603139150270579e+00
6.800000000000000711e+00 -1.022171093302884470e+00 -1.004621314835002943e+00 -1.014825620472842971e+00 -1.060718273594467354e+00 -1.044016327797085752e+00 -1.031580812393162461e+00 -1.040468157059537990e+00 -1.043943329838943557e+00 -1.040804385434456192e+00
6.900000000000000355e+00 -1.321780039285013864e+00 -1.155561690127082208e+00 -1.040725646672974847e+00 -1.057264350005362008e+00 -1.036714021162585375e+00 -1.055947046135541356e+00 -1.044623778637578271e+00 -1.049331690966557096e+00 -1.048732432469467568e+00
7.000000000000000000e+00 -1.070450457718786774e+00 -1.067118713096380178e+00 -1.041439656556476967e+00 -1.057508218849077863e+00 -1.065044297203302737e+00 -1.051776219954933644e+00 -1.048747151050136273e+00 -1.050603485416683247e+00 -1.051424875851018292e+00
7.100000000000000533e+00 -1.101079999474829263e+00 -1.098669752709669822e+00 -1.065162742254311956e+00 -1.070476095634601332e+00 -1.046623032582558066e+00 -1.049702979610356968e+00 -1.050348348674505106e+00 -1.053791105892352808e+00 -1.052972781956983850e+00
7.200000000000000178e+00 -1.022993943124733240e+00 -1.033745557699236484e+00 -1.028140884984654280e+00 -1.042290792170943226e+00 -1.048551054255980386e+00 -1.048573222163309948e+00 -1.048863185624728356e+00 -1.050792759947130506e+00 -1.050860890070242082e+00
7.300000000000000711e+00 -1.304987880281896162e+00 -1.095247579077086808e+00 -1.023429889295537798e+00 -1.071412186578516890e+00 -1.049332351219793402e+00 -1.033676228036114031e+00 -1.044978740905589953e+00 -1.046972014602546963e+00 -1.043881230990808096e+00
7.400000000000000355e+00 -9.681024989385552670e-01 -9.461369636947224437e-01 -1.029486362503370112e+00 -1.035649412821542992e+00 -1.044388203823761518e+00 -1.035459395351796319e+00 -1.035081836372646391e+00 -1.040143111865756920e+00 -1.037997618272127553e+00
7.500000000000000000e+00 -1.126096408813936911e+00 -9.409992705797933787e-01 -1.058359494895032116e+00 -1.026104040245233717e+00 -1.038475229122237442e+00 -1.028572124865966941e+00 -1.031408826671447176e+00 -1.031075704222895517e+00 -1.029395573665348840e+00
7.600000000000000533e+00 -9.946533231336939229e-01 -9.935482490538941613e-01 -9.605324453309008748e-01 -9.943582942694920712e-01 -1.017227062684880501e+00 -1.009398082938896435e+00 -1.020595636718571564e+00 -1.017630871894282807e+00 -1.020376525064543571e+00
7.700000000000000178e+00 -9.460498269968838914e-01 -1.123011127844066648e+00 -9.736518746374837052e-01 -1.036117198597382050e+00 -1.006680885234913392e+00 -1.009318233635905893e+00 -1.006739349070233214e+00 -1.004195694180871845e+00 -1.004650672317832116e+00
7.800000000000000711e+00 -1.045251379356753496e+00 -1.065712418637366543e+00 -9.670577531012765071e-01 -9.808613431210524425e-01 -9.803411176828185081e-01 -9.837261108052689496e-01 -9.876775538507461816e-01 -9.901116400541665197e-01 -9.901185777880152639e-01
7.900000000000000355e+00 -9.648562279746358827e-01 -8.832066502653348472e-01 -9.638694470882575027e-01 -9.858178621149560339e-01 -9.683564576373794308e-01 -9.795886405950718911e-01 -9.755299359328312159e-01 -9.738865379732313254e-01 -9.737848398515845938e-01
8.000000000000000000e+00 -1.090834286581717993e+00 -1.011911145856093874e+00 -9.035639001983730711e-01 -9.664109401650511355e-01 -9.473658289596696980e-01 -9.682365298641046891e-01 -9.545560244631969837e-01 -9.573644599544268718e-01 -9.582390292316500524e-01
8.099999999999999645e+00 -9.134148424909496189e-01 -9.681780302589239051e-01 -9.281449282418728908e-01 -9.287986834928604329e-01 -9.369284052704076604e-01 -9.391268508817181004e-01 -9.395866466616420443e-01 -9.388491055170185007e-01 -9.415334642537626086e-01
8.200000000000001066e+00 -1.000074252858888624e+00 -9.342818244721393661e-01 -9.737389359657024901e-01 -9.107335606832138719e-01 -9.333340962132103957e-01 -9.133485723323866434e-01 -9.230444824882978461e-01 -9.243398482087269441e-01 -9.250334095632181119e-01
8.300000000000000711e+00 -9.764000937663709356e-01 -9.692572074273121396e-01 -8.516870084006598063e-01 -9.364558959121235260e-01 -8.926825915916368759e-01 -9.014057347692279176e-01 -9.077966056844144482e-01 -9.032883932448708686e-01 -9.050167487717523107e-01
8.400000000000000355e+00 -8.741370144176129342e-01 -9.157697937081749062e-01 -9.152704450611764964e-01 -8.981839590488920333e-01 -8.835804369609520093e-01 -8.859280411740730887e-01 -8.849967567625268705e-01 -8.863391830423917872e-01 -8.851805906807795887e-01
8.500000000000000000e+00 -9.142593428461234240e-01 -8.786858505885156712e-01 -8.855796490971640234e-01 -8.832147352607894186e-01 -8.784261350295277104e-01 -8.779247941735288663e-01 -8.738484601614356917e-01 -8.692615945492038199e-01 -8.695143278697519129e-01
8.599999999999999645e+00 -9.499020076112271171e-01 -9.206269234338018137e-01 -9.014826765166321643e-01 -8.614146380184785068e-01 -8.456743899671481657e-01 -8.519328732141105975e-01 -8.530618348529963590e-01 -8.510097051578413563e-01 -8.498312842892756791e-01
8.700000000000001066e+00 -7.035168909941955651e-01 -7.782268250884051275e-01 -7.978240963401065367e-01 -8.541342799871168845e-01 -8.425582319328854819e-01 -8.278844096262265584e-01 -8.378521928752986625e-01 -8.358456195602365080e-01 -8.335923269541655189e-01
8.800000000000000711e+00 -8.322667649059284356e-01 -8.175199604208623905e-01 -7.896757499711095640e-01 -8.003536123550343273e-01 -8.145207790843385087e-01 -8.150475574606977913e-01 -8.203960426469308898e-01 -8.200463447776316084e-01 -8.210578594284348997e-01
8.900000000000000355e+00 -9.169905642430884463e-01 -7.561911770840625824e-01 -8.487715557791394305e-01 -8.257144794919931696e-01 -8.043608741317123112e-01 -8.167410474539069654e-01 -8.082991349374704093e-01 -8.072183526905580830e-01 -8.036498588631225681e-01
9.000000000000000000e+00 -9.195195440772865325e-01 -7.563364972390196339e-01 -8.122832311543463080e-01 -7.926279178844122253e-01 -7.941468008677420309e-01 -7.930636908917427785e-01 -7.942938555837283365e-01 -7.951417058741114818e-01 -7.932681876110353469e-01
9.099999999999999645e+00 -8.129907210613100954e-01 -8.050833708849349790e-01 -8.199887677194632740e-01 -7.395089790451304657e-01 -7.740786367967283921e-01 -7.825576471096314934e-01 -7.817561024684653859e-01 -7.821546089802502433e-01 -7.828096855720018121e-01
9.200000000000001066e+00 -7.324120323363159102e-01 -7.067997845089226683e-01 -7.884590163837789101e-01 -7.479371376383560088e-01 -7.949758709187224603e-01 -7.756498906690109107e-01 -7.667011508003159781e-01 -7.723065305469838382e-01 -7.730927755573546722e-01
9.300000000000000711e+00 -8.845614291204679791e-01 -8.598625327778421923e-01 -8.098048167123815810e-01 -7.857912963994398980e-01 -7.647081815742394761e-01 -7.590954437335294402e-01 -7.671484192753554865e-01 -7.667708477498417219e-01 -7.656649828458331752e-01
9.400000000000000355e+00 -7.960271089334506334e-01 -8.065536779937634293e-01 -7.882614534879932577e-01 -7.727906022486070725e-01 -7.683012919624089276e-01 -7.651126238754096809e-01 -7.652998505414143615e-01 -7.618525520430605713e-01 -7.617198110898156793e-01
9.500000000000000000e+00 -8.056821526084767537e-01 -7.488043445971275247e-01 -7.229589201182361480e-01 -7.386743136404150256e-01 -7.544786652235891955e-01 -7.626359307372050367e-01 -7.581600779821158209e-01 -7.586145705476446954e-01 -7.597064285231960312e-01
9.600000000000001421e+00 -4.671228510638376630e-01 -7.780177454486714161e-01 -7.463663836960392484e-01 -7.538487256266935832e-01 -7.722608002338809952e-01 -7.641949111192174460e-01 -7.569542105782423036e-01 -7.544615291119030065e-01 -7.585526873246236645e-01
9.700000000000001066e+00 -8.857240553742458111e-01 -7.190675916786748445e-01 -7.134460841848897505e-01 -7.405278690339278658e-01 -7.682527635946828637e-01 -7.570661628348386296e-01 -7.630623175932028657e-01 -7.610216263643506673e-01 -7.599806453967054010e-01
9.800000000000000711e+00 -6.919742150165754113e-01 -8.004895684976137682e-01 -7.620787894828376929e-01 -7.352723780088259442e-01 -7.513371545135725249e-01 -7.649991193498920650e-01 -7.709033877126404422e-01 -7.671552570764246237e-01 -7.656429995814254541e-01
9.900000000000000355e+00 -6.846649408071147080e-01 -8.167595636583090402e-01 -7.576732726882742242e-01 -7.597766468697788600e-01 -7.634556353993111610e-01 -7.699354720417769249e-01 -7.676817791564641835e-01 -7.727030012012531257e-01 -7.721946674018240753e-01
1.000000000000000000e+01 -7.954070979705456512e-01 -8.001697891663780426e-01 -7.607169298553226877e-01 -8.145588735534307068e-01 -7.836882386153407598e-01 -7.861198668572160209e-01 -7.770353812851795716e-01 -7.828656674099367940e-01 -7.811172573187293855e-01
